7
13
50
104
63
66
64
64
65
66
64
65
65
79
88
98
117
139
156
183
204
261
263
352
340
381
395
484
546
603
671
738
842
888
974
1020
1148
1245
1337
1470
1546
1688
1762
1877
1954
2122
2252
2381
2736
2879
3025
3164
3521
3655
3825
3927
4052
4187
4555
4934
5092
5502
5613
5753
5994
6284
6477
6755
7121
7264
7397
7746
8095
8219
8370
8665
8950
9098
9418
9512
9831
9910
9992
10347
10328
10435
10496
10562
10628
10922
10991
11286
11350
11408
11493
11739
11787
11843
11890
12162
12213
12263
12300
12335
12381
12425
12469
12512
12561
12630
12711
12950
12924
13011
13042
13084
13128
13402
13447
13498
13597
13590
13585
13658
13688
13722
13760
13798
13838
13874
13975
13974
14011
14078
14089
14305
14614
14660
14713
14766
14819
14860
14894
14938
15001
15005
15047
15147
15145
15198
15249
15299
15346
15396
15452
15509
15798
15863
15985
16225
16279
16386
16421
16441
16495
16544
16599
16650
16702
16754
16806
17020
17141
17249
17213
17311
17366
17434
17475
17530
17568
17848
18138
18203
18255
18297
18331
18416
18439
18455
18725
18768
18814
18863
18912
18962
19014
19049
19096
19167
19144
19221
19266
19305
19342
19565
19657
19699
19972
20025
20077
20149
20194
20205
20247
20290
20329
20364
20398
20485
20483
20476
20563
20672
21003
21167
21197
21249
21307
21352
21389
21420
21457
21495
21590
21609
21621
21697
21968
21984
22033
22083
22128
22162
22206
22249
22291
22336
22386
22611
22732
22746
22788
22889
22875
22874
22959
22998
23036
23077
23120
23358
23432
23482
23587
23770
23867
23978
24001
24019
24061
24107
24151
24193
24244
24289
24338
24387
24438
24514
24490
24582
24690
24683
24730
24775
24823
24965
25147
25199
25247
25302
25362
25480
25488
25543
25659
25689
25711
25772
26211
26266
26332
26619
26680
26735
26789
26925
27122
27178
27232
27285
27337
27383
27426
27467
27672
27780
27819
27860
27903
27943
27982
28014
28045
28079
28117
28376
28409
28440
28474
28508
28540
28575
28607
28777
29117
29151
29176
29202
29231
28645
28664
28684
28707
28119
28139
28157
28180
28203
28224
28245
28265
28283
28303
28320
28338
28357
28372
28390
28407
28422
28440
28461
28551
28726
28746
28919
29024
29129
29286
29305
29323
29335
29452
29588
29603
29613
29628
29633
29632
29633
29653
29685
29687
29687
29689
29690
29691
29692
29691
29692
29692
29693
29693
29692
29693
29693
29692
29693
29693
29693
29693
29693
29693
29692
29693
29693
29693
29694
29692
29692
29692
29692
29693
29693
29692
29692
29693
29693
29693
29692
29692
29692
29692
29692
29694
29693
29693
29693
29694
29693
29692
29692
29692
29693
29693
29693
29693
29693
29694
29694
29693
29693
29694
29693
29693
29693
29693
29693
29693
29693
29692
29693
29693
29693
29693
29694
29694
29695
29694
29694
29695
29694
29694
29695
29695
29694
29693
29694
29693
29693
29081
29082
29085
29084
29084
29098
29111
29110
29110
29110
28500
28501
28501
28501
28509
28524
28524
28525
28525
28526
28526
28525
28526
28526
28526
28526
28526
28528
28528
28526
28527
28526
28525
28526
28527
28527
28529
28528
28529
28529
28529
28531
28529
28529
28529
28528
28528
28529
28455
27309
27310
27309
26699
26697
26093
26110
26155
26165
26165
26168
26173
26196
26194
26196
26196
26196
26197
26195
26197
26195
26198
26194
26195
26195
26195
26196
26196
26194
26195
26196
26195
26194
26193
26195
26194
26194
25584
25584
25584
25582
25582
25580
24990
24997
24388
24389
24396
24415
23804
23824
23833
23835
23835
23836
23835
23860
23252
23250
23252
23250
23252
23275
23278
23276
23279
23279
23278
23278
23279
23278
23277
23278
23277
23277
23011
22664
22666
22666
22665
22672
22691
22691
22691
22692
22692
22691
22691
22692
22690
22692
22692
22693
22690
22694
22079
22080
21469
21468
21467
21467
21493
21500
21521
21521
21526
20915
20913
20914
20916
20328
20332
20330
20330
20330
20331
20339
19747
19747
19744
19745
19756
19772
19774
19774
19774
19774
19775
19164
19163
19164
19165
19181
19191
19190
19192
19192
19193
19192
19193
19190
18580
18582
18581
18575
18573
18575
18577
18576
18580
17972
17970
17970
17970
17974
17973
18084
17480
17480
17484
17482
17487
17508
17509
17507
17509
16898
16898
16442
16287
16307
16316
16314
16323
16339
16342
16343
16342
16343
16345
16343
16342
16342
16342
16343
16346
16343
16338
16342
16344
16342
16344
16344
16345
16345
16343
16346
16343
16344
16343
16344
16346
15735
15733
15733
15731
15732
15759
15758
15760
15758
15760
15758
15761
15757
15760
15759
15759
15759
15761
15758
15759
15761
15758
15760
15760
15760
15761
15149
15149
15148
14811
14541
14559
14563
14565
14564
14565
14567
14592
14593
14591
14595
14596
14597
13983
13987
13989
13986
13987
13984
13985
14003
14012
14011
14013
14009
14009
14012
14012
14012
14010
14008
14012
14010
14010
14011
13402
13400
13401
13399
13397
13395
13416
13421
12810
12811
12812
12811
12821
12837
12834
12836
12837
12840
12837
12835
12835
12835
12836
12833
12224
12221
12201
12198
12198
12302
12316
12321
12317
12321
12321
12319
12322
11707
11707
11709
11710
11709
11708
11725
11734
11734
11738
11736
11735
11734
11734
11733
11737
11733
11733
11733
11119
11124
11123
10513
10513
10512
10538
9932
9954
9958
9955
9956
9980
9982
9980
9984
9373
9376
8762
8761
8764
8173
8176
7566
7571
7598
7622
7619
7620
7623
7643
7650
7650
7647
7648
7651
7648
7042
7039
6431
6428
6425
6444
6452
6455
6456
6484
6482
6485
6485
6485
6483
6485
6483
6482
5873
5874
5873
5873
5880
5901
5900
5901
5901
5900
5898
5903
5904
5904
5903
5904
5902
5901
5902
5900
5902
5902
5897
5288
5293
5293
5293
5293
5316
5316
5318
5318
5317
5320
5315
5317
4708
4710
4710
4705
4735
4732
4731
4733
4735
4735
4125
4124
4123
4122
4140
4144
4146
4146
4148
4137
4139
4122
4122
4150
4216
4218
3608
3609
3609
3609
3611
3620
3636
3638
3637
3637
3636
3640
3635
3635
3637
3638
3635
3634
3635
3635
3636
3635
3637
3636
3637
3634
3638
3634
3639
3637
3636
3635
3637
3636
3637
3634
3634
3634
3639
3636
3635
3636
3637
3633
3638
3633
3636
3634
3635
3636
3636
3640
3636
3634
3636
3636
3030
3031
3028
3028
3056
3054
3057
3059
3055
3052
3052
3055
3054
3052
3057
3053
3051
3054
3054
3053
2443
2443
2443
2441
2449
2460
2461
2464
2465
2470
2461
2464
2469
2452
2452
2443
2440
2440
2442
2533
2535
2536
2538
2537
2536
2535
2533
2536
2535
2531
2533
2530
2534
2534
2522
2522
2511
2506
2506
2601
2600
2602
2600
2601
2598
2600
2602
2601
2602
2597
2598
2602
2604
2600
2597
2591
2595
2593
2587
2585
2572
2572
2570
2625
2665
2669
2668
2667
2668
2664
2666
2660
2661
2662
2658
2660
2649
2648
2629
2613
2709
2705
2804
2803
2801
2801
2803
2803
2803
2804
2805
2802
2802
2801
2801
2804
2800
2802
2801
2801
2800
2801
2194
2191
2188
2189
2190
2214
2216
2216
2216
2216
2213
2215
2215
2216
2191
2192
2191
2282
2284
2289
2289
2288
2287
2287
2287
2286
2286
2288
2286
2287
2288
2283
2277
2280
2283
2286
2282
2257
2259
2349
2349
2350
2351
2349
2351
2349
2349
2350
2352
2353
2355
2353
2354
2355
2351
2351
2355
2354
2352
2356
2355
2355
2357
2353
2352
2347
2351
2349
2349
2350
2353
2349
2338
2337
2327
2326
2326
2416
2412
